     1   3 1
     1   4 1
     3   4 1
     2   5 1
     2   6 1
     5   6 1
     3   7 1
     3   8 1
     4   7 1
     4   8 1
     7   8 1
     5   9 1
     5  10 1
     6   9 1
     6  10 1
     9  10 1
     7  11 1
     7  12 1
     8  11 1
     8  12 1
    11  12 1
     9  13 1
     9  14 1
    10  13 1
    10  14 1
    13  14 1
    11  15 1
    11  16 1
    12  15 1
    12  16 1
    15  16 1
    13  17 1
    13  18 1
    14  17 1
    14  18 1
    17  18 1
    15  19 1
    15  20 1
    16  19 1
    16  20 1
    16  21 1
    19  20 1
    20  21 1
    17  22 1
    17  23 1
    17  24 1
    18  23 1
    18  24 1
    22  23 1
    23  24 1
    19  25 1 
    19  26 1
    20  25 1
    20  26 1
    20  27 1
    21  26 1
    21  27 1
    25  26 1
    26  27 1
    22  28 1
    22  29 1
    23  28 1
    23  29 1
    23  30 1
    24  29 1
    24  30 1
    28  29 1
    29  30 1
    25  31 1
    25  32 1
    26  31 1
    26  32 1
    26  33 1
    27  32 1
    27  33 1
    31  32 1
    32  33 1
    28  34 1
    28  35 1
    29  34 1
    29  35 1
    29  36 1
    30  35 1
    30  36 1
    34  35 1
    35  36 1
    31  37 1
    31  38 1
    32  37 1
    32  38 1
    32  39 1
    33  38 1
    33  39 1
    33  40 1
    37  38 1
    38  39 1
    39  40 1
    34  41 1
    34  42 1
    34  43 1
    35  42 1
    35  43 1
    35  44 1
    36  43 1
    36  44 1
    41  42 1
    42  43 1
    43  44 1
    37  45 1
    37  46 1
    38  45 1
    38  46 1
    38  47 1
    39  46 1
    39  47 1
    39  48 1
    40  47 1
    40  48 1
    45  46 1
    46  47 1
    47  48 1
    41  49 1
    41  50 1
    42  49 1
    42  50 1
    42  51 1
    43  50 1
    43  51 1
    43  52 1
    44  51 1
    44  52 1
    49  50 1
    50  51 1
    51  52 1
    45  53 1
    45  54 1
    46  53 1
    46  54 1
    46  55 1
    47  54 1
    47  55 1
    47  56 1
    48  55 1
    48  56 1
    48  57 1
    53  54 1
    54  55 1
    55  56 1
    56  57 1
    49  58 1
    49  59 1
    49  60 1
    50  59 1
    50  60 1
    50  61 1
    51  60 1
    51  61 1
    51  62 1
    52  61 1
    52  62 1
    58  59 1
    59  60 1
    60  61 1
    61  62 1
    53  63 1 
    53  64 1
    54  63 1
    54  64 1
    54  65 1
    55  64 1
    55  65 1
    55  66 1
    56  65 1
    56  66 1
    56  67 1
    57  66 1
    57  67 1
    63  64 1
    64  65 1
    65  66 1
    66  67 1
    58  68 1
    58  69 1 
    59  68 1
    59  69 1
    59  70 1
    60  69 1
    60  70 1
    60  71 1
    61  70 1
    61  71 1
    61  72 1
    62  71 1
    62  72 1
    68  69 1
    69  70 1
    70  71 1
    71  72 1
    63  77 1
    63  78 1
    64  77 1
    64  78 1
    64  79 1
    65  78 1
    65  79 1
    65  80 1
    66  79 1
    66  80 1
    66  81 1
    67  80 1
    67  81 1
    67  73 1
    67  82 1
    73  81 1
    73  82 1
    73  74 1
    73  83 1
    74  82 1
    74  83 1
    74  84 1
    75  88 1
    75  89 1
    75  90 1
    75  76 1
    76  89 1
    76  90 1
    76  91 1
    76  68 1
    68  90 1
    68  91 1
    68  92 1
    69  91 1
    69  92 1
    69  93 1
    70  92 1
    70  93 1
    70  94 1
    71  93 1
    71  94 1
    71  95 1
    72  94 1
    72  95 1
    77  78 1
    78  79 1
    79  80 1
    80  81 1
    81  82 1
    82  83 1
    83  84 1
    84  85 1
    85  86 1
    86  87 1
    87  88 1
    88  89 1
    89  90 1
    90  91 1
    91  92 1
    92  93 1
    93  94 1
    94  95 1
    77  96 1
    77  97 1
    78  96 1
    78  97 1
    78  98 1
    79  97 1
    79  98 1
    79  99 1
    80  98 1
    80  99 1
    80 100 1
    81  99 1
    81 100 1
    81 101 1
    82 100 1
    82 101 1
    82 102 1
    83 101 1
    83 102 1
    83 103 1
    84 102 1
    84 103 1
    84 104 1
    85 103 1
    85 104 1
    85 105 1
    86 104 1
    86 105 1
    86 106 1
    87 105 1
    87 106 1
    87 107 1
    88 106 1
    88 107 1
    88 108 1
    89 107 1
    89 108 1
    89 109 1
    90 108 1
    90 109 1
    90 110 1
    91 109 1
    91 110 1
    91 111 1
    92 110 1
    92 111 1
    92 112 1
    93 111 1
    93 112 1
    93 113 1
    94 112 1
    94 113 1
    94 114 1
    95 113 1
    95 114 1
    96  97 1
    97  98 1
    98  99 1
    99 100 1
   100 101 1
   101 102 1
   102 103 1
   103 104 1
   104 105 1
   105 106 1
   106 107 1
   107 108 1
   108 109 1
   109 110 1
   110 111 1
   111 112 1
   112 113 1
   113 114 1
    96 115 1
    96 116 1
    97 116 1
    97 117 1
    97 118 1
    98 118 1
    98 119 1
    98 120 1
    99 120 1
    99 121 1
    99 122 1
   100 122 1
   100 123 1
   100 124 1
   101 124 1
   101 125 1
   101 126 1
   102 126 1
   102 127 1
   102 128 1
   103 128 1
   103 129 1
   103 130 1
   104 130 1
   104 131 1
   104 132 1
   105 132 1
   105 133 1
   105 134 1
   106 134 1
   106 135 1
   106 136 1
   107 136 1
   107 137 1
   107 138 1
   108 138 1
   108 139 1
   108 140 1
   109 140 1
   109 141 1
   109 142 1
   110 142 1
   110 143 1
   110 144 1
   111 144 1
   111 145 1
   111 146 1
   112 146 1
   112 147 1
   112 148 1
   113 148 1
   113 149 1
   113 150 1
   114 150 1
   114 151 1
   115 116 1
   116 117 1
   117 118 1
   118 119 1
   119 120 1
   120 121 1
   121 122 1
   122 123 1
   123 124 1
   124 125 1
   125 126 1
   126 127 1
   127 128 1
   128 129 1
   129 130 1
   130 131 1
   131 132 1
   132 133 1
   133 134 1
   134 135 1
   135 136 1
   136 137 1
   137 138 1
   138 139 1
   139 140 1
   140 141 1
   141 142 1
   142 143 1
   143 144 1
   144 145 1
   145 146 1
   146 147 1
   147 148 1
   148 149 1
   149 150 1
   150 151 1
    27 152 1
    33 152 1
    39 152 1
    40 152 1
    40 154 1
    48 154 1
    56 154 1
    57 154 1
   154 156 1
    57 156 1
    67 156 1
    73 156 1
    74 156 1
   156 158 1
    73 158 1
    74 158 1
   158 160 1
    74 160 1
   160 162 1
   160 163 1
    74 162 1
    83 162 1
    84 162 1
    85 162 1
   162 163 1
    84 163 1
    85 163 1
    86 163 1
   163 164 1
    86 164 1
    87 164 1
    88 164 1
   165 164 1
   161 164 1
    87 165 1
    88 165 1
    89 165 1
    75 165 1
   161 165 1
    75 161 1
   159 161 1
    75 159 1
    76 159 1
   157 159 1
    75 157 1
    76 157 1
    68 157 1
    58 157 1
   155 157 1
    58 155 1
    59 155 1
    49 155 1
    41 155 1
    41 153 1
    34 153 1
    28 153 1
    83 160 1
    89 161 1

