   3.0000000e+00   0.0000000e+00
   1.1100000e+02   0.0000000e+00
   3.0000000e+00   9.0000000e+00
   6.0000000e+00   9.0000000e+00
   1.0800000e+02   9.0000000e+00
   1.1100000e+02   9.0000000e+00
   3.0000000e+00   1.5000000e+01
   7.5000000e+00   1.5000000e+01
   1.0650000e+02   1.5000000e+01
   1.1100000e+02   1.5000000e+01
   3.0000000e+00   2.1000000e+01
   9.0000000e+00   2.1000000e+01
   1.0500000e+02   2.1000000e+01
   1.1100000e+02   2.1000000e+01
   3.0000000e+00   2.7000000e+01
   1.2000000e+01   2.7000000e+01
   1.0200000e+02   2.7000000e+01
   1.1100000e+02   2.7000000e+01
   3.0000000e+00   3.3000000e+01
   9.0000000e+00   3.3000000e+01
   1.3500000e+01   3.3000000e+01
   1.0050000e+02   3.3000000e+01
   1.0500000e+02   3.3000000e+01
   1.1100000e+02   3.3000000e+01
   3.0000000e+00   3.9000000e+01
   9.0000000e+00   3.9000000e+01
   1.5000000e+01   3.9000000e+01
   9.9000000e+01   3.9000000e+01
   1.0500000e+02   3.9000000e+01
   1.1100000e+02   3.9000000e+01
   3.0000000e+00   4.5000000e+01
   9.0000000e+00   4.5000000e+01
   1.5000000e+01   4.5000000e+01
   9.9000000e+01   4.5000000e+01
   1.0500000e+02   4.5000000e+01
   1.1100000e+02   4.5000000e+01
   3.0000000e+00   5.1000000e+01
   9.0000000e+00   5.1000000e+01
   1.5000000e+01   5.1000000e+01
   2.1000000e+01   5.1000000e+01
   9.3000000e+01   5.1000000e+01
   9.9000000e+01   5.1000000e+01
   1.0500000e+02   5.1000000e+01
   1.1100000e+02   5.1000000e+01
   3.0000000e+00   5.7000000e+01
   9.0000000e+00   5.7000000e+01
   1.5000000e+01   5.7000000e+01
   2.1000000e+01   5.7000000e+01
   9.3000000e+01   5.7000000e+01
   9.9000000e+01   5.7000000e+01
   1.0500000e+02   5.7000000e+01
   1.1100000e+02   5.7000000e+01
   3.0000000e+00   6.3000000e+01
   9.0000000e+00   6.3000000e+01
   1.5000000e+01   6.3000000e+01
   2.1000000e+01   6.3000000e+01
   2.7000000e+01   6.3000000e+01
   8.7000000e+01   6.3000000e+01
   9.3000000e+01   6.3000000e+01
   9.9000000e+01   6.3000000e+01
   1.0500000e+02   6.3000000e+01
   1.1100000e+02   6.3000000e+01
   3.0000000e+00   6.9000000e+01
   9.0000000e+00   6.9000000e+01
   1.5000000e+01   6.9000000e+01
   2.1000000e+01   6.9000000e+01
   2.7000000e+01   6.9000000e+01
   8.7000000e+01   6.9000000e+01
   9.3000000e+01   6.9000000e+01
   9.9000000e+01   6.9000000e+01
   1.0500000e+02   6.9000000e+01
   1.1100000e+02   6.9000000e+01
   3.3000000e+01   6.9000000e+01
   3.9000000e+01   6.9000000e+01
   7.5000000e+01   6.9000000e+01
   8.1000000e+01   6.9000000e+01
   3.0000000e+00   7.5000000e+01
   9.0000000e+00   7.5000000e+01
   1.5000000e+01   7.5000000e+01
   2.1000000e+01   7.5000000e+01
   2.7000000e+01   7.5000000e+01
   3.3000000e+01   7.5000000e+01
   3.9000000e+01   7.5000000e+01
   4.5000000e+01   7.5000000e+01
   5.1000000e+01   7.5000000e+01
   5.7000000e+01   7.5000000e+01
   6.3000000e+01   7.5000000e+01
   6.9000000e+01   7.5000000e+01
   7.5000000e+01   7.5000000e+01
   8.1000000e+01   7.5000000e+01
   8.7000000e+01   7.5000000e+01
   9.3000000e+01   7.5000000e+01
   9.9000000e+01   7.5000000e+01
   1.0500000e+02   7.5000000e+01
   1.1100000e+02   7.5000000e+01
   3.0000000e+00   7.8000000e+01
   9.0000000e+00   7.8000000e+01
   1.5000000e+01   7.8000000e+01
   2.1000000e+01   7.8000000e+01
   2.7000000e+01   7.8000000e+01
   3.3000000e+01   7.8000000e+01
   3.9000000e+01   7.8000000e+01
   4.5000000e+01   7.8000000e+01
   5.1000000e+01   7.8000000e+01
   5.7000000e+01   7.8000000e+01
   6.3000000e+01   7.8000000e+01
   6.9000000e+01   7.8000000e+01
   7.5000000e+01   7.8000000e+01
   8.1000000e+01   7.8000000e+01
   8.7000000e+01   7.8000000e+01
   9.3000000e+01   7.8000000e+01
   9.9000000e+01   7.8000000e+01
   1.0500000e+02   7.8000000e+01
   1.1100000e+02   7.8000000e+01
   3.0000000e+00   8.1000000e+01
   6.0000000e+00   8.1000000e+01
   9.0000000e+00   8.1000000e+01
   1.2000000e+01   8.1000000e+01
   1.5000000e+01   8.1000000e+01
   1.8000000e+01   8.1000000e+01
   2.1000000e+01   8.1000000e+01
   2.4000000e+01   8.1000000e+01
   2.7000000e+01   8.1000000e+01
   3.0000000e+01   8.1000000e+01
   3.3000000e+01   8.1000000e+01
   3.6000000e+01   8.1000000e+01
   3.9000000e+01   8.1000000e+01
   4.2000000e+01   8.1000000e+01
   4.5000000e+01   8.1000000e+01
   4.8000000e+01   8.1000000e+01
   5.1000000e+01   8.1000000e+01
   5.4000000e+01   8.1000000e+01
   5.7000000e+01   8.1000000e+01
   6.0000000e+01   8.1000000e+01
   6.3000000e+01   8.1000000e+01
   6.6000000e+01   8.1000000e+01
   6.9000000e+01   8.1000000e+01
   7.2000000e+01   8.1000000e+01
   7.5000000e+01   8.1000000e+01
   7.8000000e+01   8.1000000e+01
   8.1000000e+01   8.1000000e+01
   8.4000000e+01   8.1000000e+01
   8.7000000e+01   8.1000000e+01
   9.0000000e+01   8.1000000e+01
   9.3000000e+01   8.1000000e+01
   9.6000000e+01   8.1000000e+01
   9.9000000e+01   8.1000000e+01
   1.0200000e+02   8.1000000e+01
   1.0500000e+02   8.1000000e+01
   1.0800000e+02   8.1000000e+01
   1.1100000e+02   8.1000000e+01
   1.8000000e+01   4.5000000e+01
   9.6000000e+01   4.5000000e+01
   2.7000000e+01   5.7000000e+01
   8.7000000e+01   5.7000000e+01
   3.3000000e+01   6.3000000e+01
   8.1000000e+01   6.3000000e+01
   3.9000000e+01   6.6000000e+01
   7.5000000e+01   6.6000000e+01
   4.5000000e+01   6.9000000e+01
   6.9000000e+01   6.9000000e+01
   4.5000000e+01   7.2000000e+01
   5.1000000e+01   7.2000000e+01
   6.3000000e+01   7.2000000e+01
   6.9000000e+01   7.2000000e+01
