 1.88000000e+03 5.67680000e+01
 1.88100000e+03 5.68580000e+01
 1.88200000e+03 5.69480000e+01
 1.88300000e+03 5.68580000e+01
 1.88400000e+03 5.63900000e+01
 1.88500000e+03 5.66240000e+01
 1.88600000e+03 5.64440000e+01
 1.88700000e+03 5.62280000e+01
 1.88800000e+03 5.67680000e+01
 1.88900000e+03 5.71100000e+01
 1.89000000e+03 5.64620000e+01
 1.89100000e+03 5.63540000e+01
 1.89200000e+03 5.64980000e+01
 1.89300000e+03 5.64440000e+01
 1.89400000e+03 5.66780000e+01
 1.89500000e+03 5.68220000e+01
 1.89600000e+03 5.70200000e+01
 1.89700000e+03 5.71280000e+01
 1.89800000e+03 5.68220000e+01
 1.89900000e+03 5.69660000e+01
 1.90000000e+03 5.72360000e+01
 1.90100000e+03 5.72360000e+01
 1.90200000e+03 5.68940000e+01
 1.90300000e+03 5.67140000e+01
 1.90400000e+03 5.65340000e+01
 1.90500000e+03 5.68940000e+01
 1.90600000e+03 5.70740000e+01
 1.90700000e+03 5.65520000e+01
 1.90800000e+03 5.67860000e+01
 1.90900000e+03 5.67320000e+01
 1.91000000e+03 5.68940000e+01
 1.91100000e+03 5.68400000e+01
 1.91200000e+03 5.68040000e+01
 1.91300000e+03 5.68400000e+01
 1.91400000e+03 5.72360000e+01
 1.91500000e+03 5.72540000e+01
 1.91600000e+03 5.68400000e+01
 1.91700000e+03 5.64800000e+01
 1.91800000e+03 5.66240000e+01
 1.91900000e+03 5.70740000e+01
 1.92000000e+03 5.69480000e+01
 1.92100000e+03 5.70740000e+01
 1.92200000e+03 5.69300000e+01
 1.92300000e+03 5.68760000e+01
 1.92400000e+03 5.69660000e+01
 1.92500000e+03 5.69480000e+01
 1.92600000e+03 5.73080000e+01
 1.92700000e+03 5.70740000e+01
 1.92800000e+03 5.71640000e+01
 1.92900000e+03 5.68040000e+01
 1.93000000e+03 5.71460000e+01
 1.93100000e+03 5.72360000e+01
 1.93200000e+03 5.72180000e+01
 1.93300000e+03 5.69660000e+01
 1.93400000e+03 5.72720000e+01
 1.93500000e+03 5.70200000e+01
 1.93600000e+03 5.72000000e+01
 1.93700000e+03 5.73980000e+01
 1.93800000e+03 5.74700000e+01
 1.93900000e+03 5.71640000e+01
 1.94000000e+03 5.74520000e+01
 1.94100000e+03 5.73980000e+01
 1.94200000e+03 5.73800000e+01
 1.94300000e+03 5.72720000e+01
 1.94400000e+03 5.73440000e+01
 1.94500000e+03 5.71820000e+01
 1.94600000e+03 5.72000000e+01
 1.94700000e+03 5.74160000e+01
 1.94800000e+03 5.71460000e+01
 1.94900000e+03 5.70380000e+01
 1.95000000e+03 5.68940000e+01
 1.95100000e+03 5.71640000e+01
 1.95200000e+03 5.72720000e+01
 1.95300000e+03 5.74160000e+01
 1.95400000e+03 5.70560000e+01
 1.95500000e+03 5.70740000e+01
 1.95600000e+03 5.68940000e+01
 1.95700000e+03 5.73440000e+01
 1.95800000e+03 5.73800000e+01
 1.95900000e+03 5.72900000e+01
 1.96000000e+03 5.71820000e+01
 1.96100000e+03 5.73620000e+01
 1.96200000e+03 5.72720000e+01
 1.96300000e+03 5.72540000e+01
 1.96400000e+03 5.67500000e+01
 1.96500000e+03 5.69300000e+01
 1.96600000e+03 5.70740000e+01
 1.96700000e+03 5.71820000e+01
 1.96800000e+03 5.70380000e+01
 1.96900000e+03 5.72000000e+01
 1.97000000e+03 5.72900000e+01
 1.97100000e+03 5.70200000e+01
 1.97200000e+03 5.70920000e+01
 1.97300000e+03 5.75420000e+01
 1.97400000e+03 5.70740000e+01
 1.97500000e+03 5.71640000e+01
 1.97600000e+03 5.67860000e+01
 1.97700000e+03 5.74700000e+01
 1.97800000e+03 5.73080000e+01
 1.97900000e+03 5.74340000e+01
 1.98000000e+03 5.76860000e+01
 1.98100000e+03 5.79020000e+01
 1.98200000e+03 5.73080000e+01
 1.98300000e+03 5.77760000e+01
 1.98400000e+03 5.74340000e+01
 1.98500000e+03 5.74160000e+01
 1.98600000e+03 5.75240000e+01
 1.98700000e+03 5.78120000e+01
 1.98800000e+03 5.79380000e+01
 1.98900000e+03 5.76860000e+01
 1.99000000e+03 5.80460000e+01
 1.99100000e+03 5.79560000e+01
 1.99200000e+03 5.74520000e+01
 1.99300000e+03 5.75060000e+01
 1.99400000e+03 5.77400000e+01
 1.99500000e+03 5.79920000e+01
 1.99600000e+03 5.78480000e+01
 1.99700000e+03 5.78840000e+01
 1.99800000e+03 5.84600000e+01
 1.99900000e+03 5.79740000e+01
 2.00000000e+03 5.79380000e+01
 2.00100000e+03 5.82080000e+01
 2.00200000e+03 5.84240000e+01
 2.00300000e+03 5.83700000e+01
 2.00400000e+03 5.82620000e+01
 2.00500000e+03 5.85860000e+01
 2.00600000e+03 5.83700000e+01
 2.00700000e+03 5.85140000e+01
 2.00800000e+03 5.81900000e+01
 2.00900000e+03 5.84960000e+01
