 -1.79900000e+04 5.04141120e+01
 -1.69900000e+04 5.05261161e+01
 -1.59900000e+04 5.07438261e+01
 -1.49900000e+04 5.10849160e+01
 -1.39900000e+04 5.15588079e+01
 -1.29900000e+04 5.21814360e+01
 -1.24900000e+04 5.25491299e+01
 -1.19900000e+04 5.29585039e+01
 -1.14900000e+04 5.34046159e+01
 -1.09900000e+04 5.38909461e+01
 -1.04900000e+04 5.44098000e+01
 -9.99000000e+03 5.49615979e+01
 -9.49000000e+03 5.55341439e+01
 -8.99000000e+03 5.61237499e+01
 -8.49000000e+03 5.67146260e+01
 -7.99000000e+03 5.73039720e+01
 -7.79000000e+03 5.75352140e+01
 -7.59000000e+03 5.77675861e+01
 -7.39000000e+03 5.79939980e+01
 -7.19000000e+03 5.82193999e+01
 -6.99000000e+03 5.84356539e+01
 -6.79000000e+03 5.86476379e+01
 -6.59000000e+03 5.88473580e+01
 -6.39000000e+03 5.90405540e+01
 -6.19000000e+03 5.92189219e+01
 -5.99000000e+03 5.93884060e+01
 -5.79000000e+03 5.95403240e+01
 -5.59000000e+03 5.96808820e+01
 -5.39000000e+03 5.98009960e+01
 -5.19000000e+03 5.99071719e+01
 -4.99000000e+03 5.99899699e+01
 -4.79000000e+03 6.00562279e+01
 -4.59000000e+03 6.00961420e+01
 -4.39000000e+03 6.01170120e+01
 -4.19000000e+03 6.01086920e+01
 -3.99000000e+03 6.00789661e+01
 -3.79000000e+03 6.00174019e+01
 -3.59000000e+03 5.99324140e+01
 -3.39000000e+03 5.98133120e+01
 -3.19000000e+03 5.96692161e+01
 -2.99000000e+03 5.94892180e+01
 -2.79000000e+03 5.92833240e+01
 -2.59000000e+03 5.90404980e+01
 -2.39000000e+03 5.87717400e+01
 -2.19000000e+03 5.84660019e+01
 -1.99000000e+03 5.81356279e+01
 -1.89000000e+03 5.79547720e+01
 -1.79000000e+03 5.77729760e+01
 -1.69000000e+03 5.75779100e+01
 -1.59000000e+03 5.73827779e+01
 -1.49000000e+03 5.71747300e+01
 -1.39000000e+03 5.69677699e+01
 -1.29000000e+03 5.67485740e+01
 -1.19000000e+03 5.65320400e+01
 -1.09000000e+03 5.63043940e+01
 -9.90000000e+02 5.60815821e+01
 -8.90000000e+02 5.58494640e+01
 -7.90000000e+02 5.56252200e+01
 -6.90000000e+02 5.53944819e+01
 -5.90000000e+02 5.51759079e+01
 -4.90000000e+02 5.49550999e+01
 -3.90000000e+02 5.47525141e+01
 -2.90000000e+02 5.45539561e+01
 -1.90000000e+02 5.43820800e+01
 -9.00000000e+01 5.42231541e+01
 1.00000000e+01 5.41023620e+01
 1.10000000e+02 5.40065761e+01
 2.10000000e+02 5.39635960e+01
 3.10000000e+02 5.39605620e+01
 4.10000000e+02 5.40271900e+01
 5.10000000e+02 5.41492821e+01
 6.10000000e+02 5.43558600e+01
 7.10000000e+02 5.46269821e+01
 8.10000000e+02 5.49844959e+01
 9.10000000e+02 5.53931220e+01
 1.01000000e+03 5.58546580e+01
 1.11000000e+03 5.63021361e+01
 1.21000000e+03 5.66998200e+01
 1.26000000e+03 5.68416520e+01
 1.31000000e+03 5.69490960e+01
 1.36000000e+03 5.69798620e+01
 1.41000000e+03 5.69518880e+01
 1.46000000e+03 5.68241400e+01
 1.51000000e+03 5.66246500e+01
 1.56000000e+03 5.63256081e+01
 1.61000000e+03 5.59827300e+01
 1.66000000e+03 5.56048560e+01
 1.71000000e+03 5.53031200e+01
 1.76000000e+03 5.51448660e+01
 1.81000000e+03 5.52831460e+01
 1.83000000e+03 5.54204100e+01
 1.85000000e+03 5.56373041e+01
 1.87000000e+03 5.58817000e+01
 1.89000000e+03 5.61818421e+01
 1.91000000e+03 5.64593920e+01
 1.93000000e+03 5.67233420e+01
 1.94000000e+03 5.68096020e+01
 1.95000000e+03 5.68952020e+01
 1.96000000e+03 5.69398741e+01
 1.97000000e+03 5.69741641e+01
 1.98000000e+03 5.70530199e+01
 1.99000000e+03 5.71120200e+01
 2.00000000e+03 5.76608059e+01
 2.01000000e+03 5.80912700e+01
